0.001000 0.005285
0.002000 0.010569
0.003000 0.015854
0.004000 0.021139
0.005000 0.026425
0.006000 0.031711
0.007000 0.036998
0.008000 0.042285
0.009000 0.047573
0.010000 0.052862
0.011000 0.058152
0.012000 0.063442
0.013000 0.068734
0.014000 0.074026
0.015000 0.079319
0.016000 0.084614
0.017000 0.089908
0.018000 0.095204
0.019000 0.100500
0.020000 0.105797
0.021000 0.111093
0.022000 0.116392
0.023000 0.121688
0.024000 0.126986
0.025000 0.132282
0.026000 0.137579
0.027000 0.142873
0.028000 0.148167
0.029000 0.153459
0.030000 0.158748
0.031000 0.164036
0.032000 0.169319
0.033000 0.174602
0.034000 0.179877
0.035000 0.185151
0.036000 0.190417
0.037000 0.195680
0.038000 0.200935
0.039000 0.206183
0.040000 0.211424
0.041000 0.216655
0.042000 0.221880
0.043000 0.227090
0.044000 0.232293
0.045000 0.237482
0.046000 0.242659
0.047000 0.247823
0.048000 0.252970
0.049000 0.258105
0.050000 0.263219
0.051000 0.268318
0.052000 0.273397
0.053000 0.278455
0.054000 0.283494
0.055000 0.288506
0.056000 0.293500
0.057000 0.298465
0.058000 0.303404
0.059000 0.308318
0.060000 0.313198
0.061000 0.318054
0.062000 0.322872
0.063000 0.327660
0.064000 0.332415
0.065000 0.337129
0.066000 0.341812
0.067000 0.346450
0.068000 0.351050
0.069000 0.355610
0.070000 0.360121
0.071000 0.364593
0.072000 0.369015
0.073000 0.373388
0.074000 0.377716
0.075000 0.381986
0.076000 0.386207
0.077000 0.390375
0.078000 0.394481
0.079000 0.398537
0.080000 0.402529
0.081000 0.406459
0.082000 0.410333
0.083000 0.414136
0.084000 0.417876
0.085000 0.421553
0.086000 0.425154
0.087000 0.428691
0.088000 0.432157
0.089000 0.435543
0.090000 0.438862
0.091000 0.442103
0.092000 0.445262
0.093000 0.448350
0.094000 0.451355
0.095000 0.454273
0.096000 0.457118
0.097000 0.459874
0.098000 0.462540
0.099000 0.465130
0.100000 0.467627
0.101000 0.470030
0.102000 0.472354
0.103000 0.474582
0.104000 0.476712
0.105000 0.478759
0.106000 0.480710
0.107000 0.482558
0.108000 0.484319
0.109000 0.485985
0.110000 0.487544
0.111000 0.489011
0.112000 0.490386
0.113000 0.491651
0.114000 0.492817
0.115000 0.493893
0.116000 0.494862
0.117000 0.495722
0.118000 0.496492
0.119000 0.497162
0.120000 0.497718
0.121000 0.498175
0.122000 0.498541
0.123000 0.498797
0.124000 0.498942
0.125000 0.498995
0.126000 0.498951
0.127000 0.498794
0.128000 0.498532
0.129000 0.498180
0.130000 0.497728
0.131000 0.497163
0.132000 0.496497
0.133000 0.495743
0.134000 0.494891
0.135000 0.493926
0.136000 0.492863
0.137000 0.491715
0.138000 0.490473
0.139000 0.489122
0.140000 0.487670
0.141000 0.486137
0.142000 0.484519
0.143000 0.482799
0.144000 0.480977
0.145000 0.479070
0.146000 0.477087
0.147000 0.475019
0.148000 0.472851
0.149000 0.470589
0.150000 0.468252
0.151000 0.465846
0.152000 0.463361
0.153000 0.460784
0.154000 0.458118
0.155000 0.455379
0.156000 0.452579
0.157000 0.449715
0.158000 0.446774
0.159000 0.443750
0.160000 0.440648
0.161000 0.437483
0.162000 0.434266
0.163000 0.430998
0.164000 0.427672
0.165000 0.424278
0.166000 0.420813
0.167000 0.417282
0.168000 0.413696
0.169000 0.410064
0.170000 0.406393
0.171000 0.402687
0.172000 0.398944
0.173000 0.395161
0.174000 0.391336
0.175000 0.387468
0.176000 0.383557
0.177000 0.379606
0.178000 0.375616
0.179000 0.371592
0.180000 0.367536
0.181000 0.363450
0.182000 0.359338
0.183000 0.355200
0.184000 0.351041
0.185000 0.346861
0.186000 0.342663
0.187000 0.338448
0.188000 0.334220
0.189000 0.329978
0.190000 0.325726
0.191000 0.321465
0.192000 0.317197
0.193000 0.312924
0.194000 0.308648
0.195000 0.304370
0.196000 0.300092
0.197000 0.295816
0.198000 0.291544
0.199000 0.287277
0.200000 0.283017
0.201000 0.278766
0.202000 0.274525
0.203000 0.270295
0.204000 0.266080
0.205000 0.261879
0.206000 0.257694
0.207000 0.253527
0.208000 0.249380
0.209000 0.245253
0.210000 0.241148
0.211000 0.237067
0.212000 0.233010
0.213000 0.228980
0.214000 0.224976
0.215000 0.221001
0.216000 0.217055
0.217000 0.213140
0.218000 0.209257
0.219000 0.205407
0.220000 0.201590
0.221000 0.197809
0.222000 0.194063
0.223000 0.190354
0.224000 0.186683
0.225000 0.183050
0.226000 0.179456
0.227000 0.175903
0.228000 0.172390
0.229000 0.168919
0.230000 0.165490
0.231000 0.162105
0.232000 0.158763
0.233000 0.155465
0.234000 0.152211
0.235000 0.149003
0.236000 0.145841
0.237000 0.142725
0.238000 0.139656
0.239000 0.136634
0.240000 0.133659
0.241000 0.130732
0.242000 0.127854
0.243000 0.125024
0.244000 0.122243
0.245000 0.119511
0.246000 0.116828
0.247000 0.114195
0.248000 0.111611
0.249000 0.109078
0.250000 0.106594
0.251000 0.104161
0.252000 0.101778
0.253000 0.099445
0.254000 0.097163
0.255000 0.094931
0.256000 0.092750
0.257000 0.090619
0.258000 0.088539
0.259000 0.086510
0.260000 0.084531
0.261000 0.082603
0.262000 0.080726
0.263000 0.078899
0.264000 0.077122
0.265000 0.075396
0.266000 0.073720
0.267000 0.072094
0.268000 0.070519
0.269000 0.068993
0.270000 0.067518
0.271000 0.066092
0.272000 0.064716
0.273000 0.063390
0.274000 0.062113
0.275000 0.060885
0.276000 0.059707
0.277000 0.058578
0.278000 0.057498
0.279000 0.056468
0.280000 0.055485
0.281000 0.054552
0.282000 0.053667
0.283000 0.052831
0.284000 0.052043
0.285000 0.051304
0.286000 0.050612
0.287000 0.049969
0.288000 0.049374
0.289000 0.048827
0.290000 0.048327
0.291000 0.047876
0.292000 0.047472
0.293000 0.047115
0.294000 0.046807
0.295000 0.046546
0.296000 0.046332
0.297000 0.046166
0.298000 0.046047
0.299000 0.045976
0.300000 0.045953
0.301000 0.045976
0.302000 0.046047
0.303000 0.046166
0.304000 0.046332
0.305000 0.046546
0.306000 0.046807
0.307000 0.047115
0.308000 0.047472
0.309000 0.047876
0.310000 0.048327
0.311000 0.048827
0.312000 0.049374
0.313000 0.049969
0.314000 0.050612
0.315000 0.051304
0.316000 0.052043
0.317000 0.052831
0.318000 0.053667
0.319000 0.054552
0.320000 0.055485
0.321000 0.056468
0.322000 0.057498
0.323000 0.058578
0.324000 0.059707
0.325000 0.060885
0.326000 0.062113
0.327000 0.063390
0.328000 0.064716
0.329000 0.066092
0.330000 0.067518
0.331000 0.068993
0.332000 0.070519
0.333000 0.072094
0.334000 0.073720
0.335000 0.075396
0.336000 0.077122
0.337000 0.078899
0.338000 0.080726
0.339000 0.082603
0.340000 0.084531
0.341000 0.086510
0.342000 0.088539
0.343000 0.090619
0.344000 0.092750
0.345000 0.094931
0.346000 0.097163
0.347000 0.099445
0.348000 0.101778
0.349000 0.104161
0.350000 0.106594
0.351000 0.109078
0.352000 0.111611
0.353000 0.114195
0.354000 0.116828
0.355000 0.119511
0.356000 0.122243
0.357000 0.125024
0.358000 0.127854
0.359000 0.130732
0.360000 0.133659
0.361000 0.136634
0.362000 0.139656
0.363000 0.142725
0.364000 0.145841
0.365000 0.149003
0.366000 0.152211
0.367000 0.155465
0.368000 0.158763
0.369000 0.162105
0.370000 0.165490
0.371000 0.168919
0.372000 0.172390
0.373000 0.175903
0.374000 0.179456
0.375000 0.183050
0.376000 0.186683
0.377000 0.190354
0.378000 0.194063
0.379000 0.197809
0.380000 0.201590
0.381000 0.205407
0.382000 0.209257
0.383000 0.213140
0.384000 0.217055
0.385000 0.221001
0.386000 0.224976
0.387000 0.228980
0.388000 0.233010
0.389000 0.237067
0.390000 0.241148
0.391000 0.245253
0.392000 0.249380
0.393000 0.253527
0.394000 0.257694
0.395000 0.261879
0.396000 0.266080
0.397000 0.270295
0.398000 0.274525
0.399000 0.278766
0.400000 0.283017
0.401000 0.287277
0.402000 0.291544
0.403000 0.295816
0.404000 0.300092
0.405000 0.304370
0.406000 0.308648
0.407000 0.312924
0.408000 0.317197
0.409000 0.321465
0.410000 0.325726
0.411000 0.329978
0.412000 0.334220
0.413000 0.338449
0.414000 0.342663
0.415000 0.346861
0.416000 0.351041
0.417000 0.355201
0.418000 0.359339
0.419000 0.363452
0.420000 0.367540
0.421000 0.371599
0.422000 0.375629
0.423000 0.379627
0.424000 0.383591
0.425000 0.387519
0.426000 0.391409
0.427000 0.395260
0.428000 0.399069
0.429000 0.402835
0.430000 0.406554
0.431000 0.410227
0.432000 0.413850
0.433000 0.417421
0.434000 0.420940
0.435000 0.424403
0.436000 0.427809
0.437000 0.431157
0.438000 0.434444
0.439000 0.437669
0.440000 0.440830
0.441000 0.443924
0.442000 0.446952
0.443000 0.449910
0.444000 0.452797
0.445000 0.455611
0.446000 0.458352
0.447000 0.461016
0.448000 0.463604
0.449000 0.466113
0.450000 0.468542
0.451000 0.470889
0.452000 0.473154
0.453000 0.475335
0.454000 0.477430
0.455000 0.479438
0.456000 0.481359
0.457000 0.483191
0.458000 0.484932
0.459000 0.486583
0.460000 0.488142
0.461000 0.489608
0.462000 0.490980
0.463000 0.492257
0.464000 0.493440
0.465000 0.494526
0.466000 0.495515
0.467000 0.496407
0.468000 0.497202
0.469000 0.497898
0.470000 0.498495
0.471000 0.498993
0.472000 0.499392
0.473000 0.499691
0.474000 0.499890
0.475000 0.499990
0.476000 0.499989
0.477000 0.499889
0.478000 0.499689
0.479000 0.499388
0.480000 0.498989
0.481000 0.498489
0.482000 0.497891
0.483000 0.497194
0.484000 0.496399
0.485000 0.495506
0.486000 0.494515
0.487000 0.493428
0.488000 0.492245
0.489000 0.490967
0.490000 0.489593
0.491000 0.488126
0.492000 0.486567
0.493000 0.484915
0.494000 0.483172
0.495000 0.481339
0.496000 0.479417
0.497000 0.477407
0.498000 0.475311
0.499000 0.473129
0.500000 0.470864
0.501000 0.468515
0.502000 0.466085
0.503000 0.463574
0.504000 0.460985
0.505000 0.458319
0.506000 0.455577
0.507000 0.452761
0.508000 0.449872
0.509000 0.446913
0.510000 0.443884
0.511000 0.440787
0.512000 0.437625
0.513000 0.434398
0.514000 0.431109
0.515000 0.427759
0.516000 0.424350
0.517000 0.420885
0.518000 0.417364
0.519000 0.413790
0.520000 0.410164
0.521000 0.406489
0.522000 0.402767
0.523000 0.398998
0.524000 0.395186
0.525000 0.391332
0.526000 0.387438
0.527000 0.383506
0.528000 0.379538
0.529000 0.375536
0.530000 0.371502
0.531000 0.367438
0.532000 0.363345
0.533000 0.359227
0.534000 0.355084
0.535000 0.350918
0.536000 0.346732
0.537000 0.342528
0.538000 0.338307
0.539000 0.334071
0.540000 0.329822
0.541000 0.325562
0.542000 0.321293
0.543000 0.317016
0.544000 0.312734
0.545000 0.308448
0.546000 0.304159
0.547000 0.299871
0.548000 0.295584
0.549000 0.291300
0.550000 0.287020
0.551000 0.282747
0.552000 0.278482
0.553000 0.274226
0.554000 0.269981
0.555000 0.265749
0.556000 0.261531
0.557000 0.257328
0.558000 0.253143
0.559000 0.248975
0.560000 0.244828
0.561000 0.240701
0.562000 0.236596
0.563000 0.232515
0.564000 0.228459
0.565000 0.224428
0.566000 0.220425
0.567000 0.216449
0.568000 0.212503
0.569000 0.208587
0.570000 0.204703
0.571000 0.200850
0.572000 0.197031
0.573000 0.193245
0.574000 0.189495
0.575000 0.185780
0.576000 0.182101
0.577000 0.178460
0.578000 0.174856
0.579000 0.171291
0.580000 0.167765
0.581000 0.164279
0.582000 0.160833
0.583000 0.157428
0.584000 0.154064
0.585000 0.150742
0.586000 0.147462
0.587000 0.144224
0.588000 0.141030
0.589000 0.137878
0.590000 0.134771
0.591000 0.131706
0.592000 0.128686
0.593000 0.125710
0.594000 0.122778
0.595000 0.119891
0.596000 0.117048
0.597000 0.114249
0.598000 0.111495
0.599000 0.108786
0.600000 0.106122
0.601000 0.103502
0.602000 0.100926
0.603000 0.098395
0.604000 0.095908
0.605000 0.093466
0.606000 0.091067
0.607000 0.088712
0.608000 0.086401
0.609000 0.084133
0.610000 0.081908
0.611000 0.079727
0.612000 0.077587
0.613000 0.075490
0.614000 0.073436
0.615000 0.071422
0.616000 0.069450
0.617000 0.067519
0.618000 0.065629
0.619000 0.063779
0.620000 0.061968
0.621000 0.060197
0.622000 0.058465
0.623000 0.056771
0.624000 0.055115
0.625000 0.053497
0.626000 0.051916
0.627000 0.050372
0.628000 0.048864
0.629000 0.047391
0.630000 0.045954
0.631000 0.044551
0.632000 0.043183
0.633000 0.041848
0.634000 0.040547
0.635000 0.039278
0.636000 0.038041
0.637000 0.036835
0.638000 0.035661
0.639000 0.034518
0.640000 0.033404
0.641000 0.032320
0.642000 0.031264
0.643000 0.030237
0.644000 0.029238
0.645000 0.028267
0.646000 0.027322
0.647000 0.026403
0.648000 0.025511
0.649000 0.024643
0.650000 0.023800
0.651000 0.022982
0.652000 0.022187
0.653000 0.021415
0.654000 0.020667
0.655000 0.019940
0.656000 0.019235
0.657000 0.018551
0.658000 0.017888
0.659000 0.017245
0.660000 0.016622
0.661000 0.016018
0.662000 0.015434
0.663000 0.014867
0.664000 0.014319
0.665000 0.013787
0.666000 0.013273
0.667000 0.012776
0.668000 0.012295
0.669000 0.011829
0.670000 0.011379
0.671000 0.010944
0.672000 0.010523
0.673000 0.010117
0.674000 0.009724
0.675000 0.009345
0.676000 0.008978
0.677000 0.008625
0.678000 0.008283
0.679000 0.007954
0.680000 0.007636
0.681000 0.007329
0.682000 0.007033
0.683000 0.006748
0.684000 0.006473
0.685000 0.006208
0.686000 0.005953
0.687000 0.005707
0.688000 0.005470
0.689000 0.005242
0.690000 0.005022
0.691000 0.004811
0.692000 0.004608
0.693000 0.004412
0.694000 0.004224
0.695000 0.004043
0.696000 0.003869
0.697000 0.003701
0.698000 0.003541
0.699000 0.003386
0.700000 0.003238
0.701000 0.003095
0.702000 0.002959
0.703000 0.002827
0.704000 0.002701
0.705000 0.002580
0.706000 0.002464
0.707000 0.002353
0.708000 0.002247
0.709000 0.002144
0.710000 0.002046
0.711000 0.001952
0.712000 0.001862
0.713000 0.001776
0.714000 0.001694
0.715000 0.001615
0.716000 0.001539
0.717000 0.001466
0.718000 0.001397
0.719000 0.001331
0.720000 0.001268
0.721000 0.001207
0.722000 0.001149
0.723000 0.001094
0.724000 0.001041
0.725000 0.000990
0.726000 0.000942
0.727000 0.000896
0.728000 0.000852
0.729000 0.000810
0.730000 0.000770
0.731000 0.000731
0.732000 0.000695
0.733000 0.000660
0.734000 0.000627
0.735000 0.000595
0.736000 0.000565
0.737000 0.000536
0.738000 0.000509
0.739000 0.000483
0.740000 0.000458
0.741000 0.000434
0.742000 0.000412
0.743000 0.000390
0.744000 0.000370
0.745000 0.000351
0.746000 0.000332
0.747000 0.000315
0.748000 0.000298
0.749000 0.000282
0.750000 0.000267
0.751000 0.000253
0.752000 0.000239
0.753000 0.000226
0.754000 0.000214
0.755000 0.000203
0.756000 0.000192
0.757000 0.000181
0.758000 0.000171
0.759000 0.000162
0.760000 0.000153
0.761000 0.000144
0.762000 0.000136
0.763000 0.000129
0.764000 0.000122
0.765000 0.000115
0.766000 0.000108
0.767000 0.000102
0.768000 0.000096
0.769000 0.000091
0.770000 0.000086
0.771000 0.000081
0.772000 0.000076
0.773000 0.000072
0.774000 0.000068
0.775000 0.000064
0.776000 0.000060
0.777000 0.000056
0.778000 0.000053
0.779000 0.000050
0.780000 0.000047
0.781000 0.000044
0.782000 0.000042
0.783000 0.000039
0.784000 0.000037
0.785000 0.000035
0.786000 0.000033
0.787000 0.000031
0.788000 0.000029
0.789000 0.000027
0.790000 0.000025
0.791000 0.000024
0.792000 0.000022
0.793000 0.000021
0.794000 0.000020
0.795000 0.000018
0.796000 0.000017
0.797000 0.000016
0.798000 0.000015
0.799000 0.000014
0.800000 0.000013
0.801000 0.000013
0.802000 0.000012
0.803000 0.000011
0.804000 0.000010
0.805000 0.000010
0.806000 0.000009
0.807000 0.000008
0.808000 0.000008
0.809000 0.000007
0.810000 0.000007
0.811000 0.000006
0.812000 0.000006
0.813000 0.000006
0.814000 0.000005
0.815000 0.000005
0.816000 0.000005
0.817000 0.000004
0.818000 0.000004
0.819000 0.000004
0.820000 0.000004
0.821000 0.000003
0.822000 0.000003
0.823000 0.000003
0.824000 0.000003
0.825000 0.000002
0.826000 0.000002
0.827000 0.000002
0.828000 0.000002
0.829000 0.000002
0.830000 0.000002
0.831000 0.000002
0.832000 0.000002
0.833000 0.000001
0.834000 0.000001
0.835000 0.000001
0.836000 0.000001
0.837000 0.000001
0.838000 0.000001
0.839000 0.000001
0.840000 0.000001
0.841000 0.000001
0.842000 0.000001
0.843000 0.000001
0.844000 0.000001
0.845000 0.000001
0.846000 0.000001
0.847000 0.000001
0.848000 0.000000
0.849000 0.000000
0.850000 0.000000
0.851000 0.000000
0.852000 0.000000
0.853000 0.000000
0.854000 0.000000
0.855000 0.000000
0.856000 0.000000
0.857000 0.000000
0.858000 0.000000
0.859000 0.000000
0.860000 0.000000
0.861000 0.000000
0.862000 0.000000
0.863000 0.000000
0.864000 0.000000
0.865000 0.000000
0.866000 0.000000
0.867000 0.000000
0.868000 0.000000
0.869000 0.000000
0.870000 0.000000
0.871000 0.000000
0.872000 0.000000
0.873000 0.000000
0.874000 0.000000
0.875000 0.000000
0.876000 0.000000
0.877000 0.000000
0.878000 0.000000
0.879000 0.000000
0.880000 0.000000
0.881000 0.000000
0.882000 0.000000
0.883000 0.000000
0.884000 0.000000
0.885000 0.000000
0.886000 0.000000
0.887000 0.000000
0.888000 0.000000
0.889000 0.000000
0.890000 0.000000
0.891000 0.000000
0.892000 0.000000
0.893000 0.000000
0.894000 0.000000
0.895000 0.000000
0.896000 0.000000
0.897000 0.000000
0.898000 0.000000
0.899000 0.000000
0.900000 0.000000
0.901000 0.000000
0.902000 0.000000
0.903000 0.000000
0.904000 0.000000
0.905000 0.000000
0.906000 0.000000
0.907000 0.000000
0.908000 0.000000
0.909000 0.000000
0.910000 0.000000
0.911000 0.000000
0.912000 0.000000
0.913000 0.000000
0.914000 0.000000
0.915000 0.000000
0.916000 0.000000
0.917000 0.000000
0.918000 0.000000
0.919000 0.000000
0.920000 0.000000
0.921000 0.000000
0.922000 0.000000
0.923000 0.000000
0.924000 0.000000
0.925000 0.000000
0.926000 0.000000
0.927000 0.000000
0.928000 0.000000
0.929000 0.000000
0.930000 0.000000
0.931000 0.000000
0.932000 0.000000
0.933000 0.000000
0.934000 0.000000
0.935000 0.000000
0.936000 0.000000
0.937000 0.000000
0.938000 0.000000
0.939000 0.000000
0.940000 0.000000
0.941000 0.000000
0.942000 0.000000
0.943000 0.000000
0.944000 0.000000
0.945000 0.000000
0.946000 0.000000
0.947000 0.000000
0.948000 0.000000
0.949000 0.000000
0.950000 0.000000
0.951000 0.000000
0.952000 0.000000
0.953000 0.000000
0.954000 0.000000
0.955000 0.000000
0.956000 0.000000
0.957000 0.000000
0.958000 0.000000
0.959000 0.000000
0.960000 0.000000
0.961000 0.000000
0.962000 0.000000
0.963000 0.000000
0.964000 0.000000
0.965000 0.000000
0.966000 0.000000
0.967000 0.000000
0.968000 0.000000
0.969000 0.000000
0.970000 0.000000
0.971000 0.000000
0.972000 0.000000
0.973000 0.000000
0.974000 0.000000
0.975000 0.000000
0.976000 0.000000
0.977000 0.000000
0.978000 0.000000
0.979000 0.000000
0.980000 0.000000
0.981000 0.000000
0.982000 0.000000
0.983000 0.000000
0.984000 0.000000
0.985000 0.000000
0.986000 0.000000
0.987000 0.000000
0.988000 0.000000
0.989000 0.000000
0.990000 0.000000
0.991000 0.000000
0.992000 0.000000
0.993000 0.000000
0.994000 0.000000
0.995000 0.000000
0.996000 0.000000
0.997000 0.000000
0.998000 0.000000
0.999000 0.000000
