0.000000 10.000000
0.010000 9.950125
0.020000 9.900498
0.030000 9.851119
0.040000 9.801987
0.050000 9.753099
0.060000 9.704455
0.070000 9.656054
0.080000 9.607894
0.090000 9.559975
0.100000 9.512294
0.110000 9.464851
0.120000 9.417645
0.130000 9.370675
0.140000 9.323938
0.150000 9.277435
0.160000 9.231163
0.170000 9.185123
0.180000 9.139312
0.190000 9.093729
0.200000 9.048374
0.210000 9.003245
0.220000 8.958341
0.230000 8.913661
0.240000 8.869204
0.250000 8.824969
0.260000 8.780954
0.270000 8.737159
0.280000 8.693582
0.290000 8.650223
0.300000 8.607080
0.310000 8.564152
0.320000 8.521438
0.330000 8.478937
0.340000 8.436648
0.350000 8.394570
0.360000 8.352702
0.370000 8.311043
0.380000 8.269591
0.390000 8.228347
0.400000 8.187308
0.410000 8.146473
0.420000 8.105843
0.430000 8.065414
0.440000 8.025188
0.450000 7.985162
0.460000 7.945336
0.470000 7.905709
0.480000 7.866279
0.490000 7.827045
0.500000 7.788008
0.510000 7.749165
0.520000 7.710516
0.530000 7.672060
0.540000 7.633795
0.550000 7.595721
0.560000 7.557837
0.570000 7.520143
0.580000 7.482636
0.590000 7.445316
0.600000 7.408182
0.610000 7.371234
0.620000 7.334470
0.630000 7.297889
0.640000 7.261490
0.650000 7.225274
0.660000 7.189237
0.670000 7.153381
0.680000 7.117703
0.690000 7.082204
0.700000 7.046881
0.710000 7.011735
0.720000 6.976763
0.730000 6.941966
0.740000 6.907343
0.750000 6.872893
0.760000 6.838614
0.770000 6.804506
0.780000 6.770569
0.790000 6.736800
0.800000 6.703200
0.810000 6.669768
0.820000 6.636503
0.830000 6.603403
0.840000 6.570468
0.850000 6.537698
0.860000 6.505091
0.870000 6.472647
0.880000 6.440364
0.890000 6.408243
0.900000 6.376282
0.910000 6.344480
0.920000 6.312836
0.930000 6.281351
0.940000 6.250023
0.950000 6.218851
0.960000 6.187834
0.970000 6.156972
0.980000 6.126264
0.990000 6.095709
1.000000 6.065307
1.010000 6.035056
1.020000 6.004956
1.030000 5.975006
1.040000 5.945206
1.050000 5.915554
1.060000 5.886050
1.070000 5.856693
1.080000 5.827482
1.090000 5.798418
1.100000 5.769498
1.110000 5.740723
1.120000 5.712091
1.130000 5.683601
1.140000 5.655254
1.150000 5.627049
1.160000 5.598984
1.170000 5.571059
1.180000 5.543273
1.190000 5.515626
1.200000 5.488116
1.210000 5.460744
1.220000 5.433509
1.230000 5.406409
1.240000 5.379444
1.250000 5.352614
1.260000 5.325918
1.270000 5.299355
1.280000 5.272924
1.290000 5.246626
1.300000 5.220458
1.310000 5.194421
1.320000 5.168513
1.330000 5.142735
1.340000 5.117086
1.350000 5.091564
1.360000 5.066170
1.370000 5.040902
1.380000 5.015761
1.390000 4.990745
1.400000 4.965853
1.410000 4.941086
1.420000 4.916442
1.430000 4.891921
1.440000 4.867522
1.450000 4.843246
1.460000 4.819090
1.470000 4.795055
1.480000 4.771139
1.490000 4.747343
1.500000 4.723666
1.510000 4.700106
1.520000 4.676664
1.530000 4.653339
1.540000 4.630131
1.550000 4.607038
1.560000 4.584060
1.570000 4.561197
1.580000 4.538448
1.590000 4.515812
1.600000 4.493290
1.610000 4.470879
1.620000 4.448581
1.630000 4.426393
1.640000 4.404317
1.650000 4.382350
1.660000 4.360493
1.670000 4.338745
1.680000 4.317105
1.690000 4.295573
1.700000 4.274149
1.710000 4.252832
1.720000 4.231621
1.730000 4.210515
1.740000 4.189515
1.750000 4.168620
1.760000 4.147829
1.770000 4.127142
1.780000 4.106558
1.790000 4.086076
1.800000 4.065697
1.810000 4.045419
1.820000 4.025242
1.830000 4.005166
1.840000 3.985190
1.850000 3.965314
1.860000 3.945537
1.870000 3.925859
1.880000 3.906278
1.890000 3.886796
1.900000 3.867410
1.910000 3.848122
1.920000 3.828929
1.930000 3.809832
1.940000 3.790830
1.950000 3.771923
1.960000 3.753111
1.970000 3.734392
1.980000 3.715767
1.990000 3.697234
2.000000 3.678794
2.010000 3.660446
2.020000 3.642190
2.030000 3.624024
2.040000 3.605949
2.050000 3.587965
2.060000 3.570070
2.070000 3.552264
2.080000 3.534547
2.090000 3.516918
2.100000 3.499378
2.110000 3.481924
2.120000 3.464558
2.130000 3.447278
2.140000 3.430085
2.150000 3.412977
2.160000 3.395955
2.170000 3.379018
2.180000 3.362165
2.190000 3.345396
2.200000 3.328711
2.210000 3.312109
2.220000 3.295590
2.230000 3.279153
2.240000 3.262798
2.250000 3.246525
2.260000 3.230333
2.270000 3.214221
2.280000 3.198190
2.290000 3.182239
2.300000 3.166368
2.310000 3.150575
2.320000 3.134862
2.330000 3.119227
2.340000 3.103670
2.350000 3.088190
2.360000 3.072788
2.370000 3.057462
2.380000 3.042212
2.390000 3.027039
2.400000 3.011942
2.410000 2.996920
2.420000 2.981973
2.430000 2.967100
2.440000 2.952302
2.450000 2.937577
2.460000 2.922926
2.470000 2.908348
2.480000 2.893842
2.490000 2.879409
2.500000 2.865048
2.510000 2.850758
2.520000 2.836540
2.530000 2.822393
2.540000 2.808316
2.550000 2.794310
2.560000 2.780373
2.570000 2.766506
2.580000 2.752708
2.590000 2.738979
2.600000 2.725318
2.610000 2.711725
2.620000 2.698201
2.630000 2.684743
2.640000 2.671353
2.650000 2.658029
2.660000 2.644772
2.670000 2.631582
2.680000 2.618457
2.690000 2.605397
2.700000 2.592403
2.710000 2.579473
2.720000 2.566608
2.730000 2.553807
2.740000 2.541070
2.750000 2.528396
2.760000 2.515786
2.770000 2.503238
2.780000 2.490753
2.790000 2.478330
2.800000 2.465970
2.810000 2.453671
2.820000 2.441433
2.830000 2.429256
2.840000 2.417140
2.850000 2.405085
2.860000 2.393089
2.870000 2.381154
2.880000 2.369277
2.890000 2.357461
2.900000 2.345703
2.910000 2.334004
2.920000 2.322363
2.930000 2.310780
2.940000 2.299255
2.950000 2.287787
2.960000 2.276377
2.970000 2.265023
2.980000 2.253727
2.990000 2.242486
3.000000 2.231302
3.010000 2.220173
3.020000 2.209100
3.030000 2.198082
3.040000 2.187119
3.050000 2.176211
3.060000 2.165357
3.070000 2.154557
3.080000 2.143811
3.090000 2.133119
3.100000 2.122480
3.110000 2.111894
3.120000 2.101361
3.130000 2.090880
3.140000 2.080452
3.150000 2.070075
3.160000 2.059751
3.170000 2.049478
3.180000 2.039256
3.190000 2.029085
3.200000 2.018965
3.210000 2.008896
3.220000 1.998876
3.230000 1.988907
3.240000 1.978987
3.250000 1.969117
3.260000 1.959296
3.270000 1.949524
3.280000 1.939800
3.290000 1.930126
3.300000 1.920499
3.310000 1.910921
3.320000 1.901390
3.330000 1.891907
3.340000 1.882471
3.350000 1.873082
3.360000 1.863740
3.370000 1.854444
3.380000 1.845195
3.390000 1.835992
3.400000 1.826835
3.410000 1.817724
3.420000 1.808658
3.430000 1.799637
3.440000 1.790661
3.450000 1.781730
3.460000 1.772844
3.470000 1.764002
3.480000 1.755204
3.490000 1.746450
3.500000 1.737739
3.510000 1.729072
3.520000 1.720449
3.530000 1.711868
3.540000 1.703330
3.550000 1.694835
3.560000 1.686382
3.570000 1.677971
3.580000 1.669602
3.590000 1.661275
3.600000 1.652989
3.610000 1.644745
3.620000 1.636541
3.630000 1.628379
3.640000 1.620257
3.650000 1.612176
3.660000 1.604136
3.670000 1.596135
3.680000 1.588174
3.690000 1.580253
3.700000 1.572372
3.710000 1.564529
3.720000 1.556726
3.730000 1.548962
3.740000 1.541237
3.750000 1.533550
3.760000 1.525901
3.770000 1.518291
3.780000 1.510718
3.790000 1.503183
3.800000 1.495686
3.810000 1.488226
3.820000 1.480804
3.830000 1.473418
3.840000 1.466070
3.850000 1.458758
3.860000 1.451482
3.870000 1.444243
3.880000 1.437039
3.890000 1.429872
3.900000 1.422741
3.910000 1.415645
3.920000 1.408584
3.930000 1.401559
3.940000 1.394569
3.950000 1.387613
3.960000 1.380692
3.970000 1.373806
3.980000 1.366954
3.990000 1.360137
4.000000 1.353353
4.010000 1.346603
4.020000 1.339887
4.030000 1.333204
4.040000 1.326555
4.050000 1.319938
4.060000 1.313355
4.070000 1.306805
4.080000 1.300287
4.090000 1.293802
4.100000 1.287349
4.110000 1.280928
4.120000 1.274540
4.130000 1.268183
4.140000 1.261858
4.150000 1.255564
4.160000 1.249302
4.170000 1.243071
4.180000 1.236871
4.190000 1.230702
4.200000 1.224564
4.210000 1.218457
4.220000 1.212380
4.230000 1.206333
4.240000 1.200316
4.250000 1.194330
4.260000 1.188373
4.270000 1.182446
4.280000 1.176548
4.290000 1.170680
4.300000 1.164841
4.310000 1.159032
4.320000 1.153251
4.330000 1.147499
4.340000 1.141776
4.350000 1.136082
4.360000 1.130415
4.370000 1.124777
4.380000 1.119167
4.390000 1.113586
4.400000 1.108032
4.410000 1.102505
4.420000 1.097006
4.430000 1.091535
4.440000 1.086091
4.450000 1.080674
4.460000 1.075284
4.470000 1.069921
4.480000 1.064585
4.490000 1.059276
4.500000 1.053992
4.510000 1.048735
4.520000 1.043505
4.530000 1.038300
4.540000 1.033122
4.550000 1.027969
4.560000 1.022842
4.570000 1.017741
4.580000 1.012665
4.590000 1.007614
4.600000 1.002588
4.610000 0.997588
4.620000 0.992613
4.630000 0.987662
4.640000 0.982736
4.650000 0.977834
4.660000 0.972958
4.670000 0.968105
4.680000 0.963276
4.690000 0.958472
4.700000 0.953692
4.710000 0.948935
4.720000 0.944202
4.730000 0.939493
4.740000 0.934807
4.750000 0.930145
4.760000 0.925506
4.770000 0.920890
4.780000 0.916297
4.790000 0.911727
4.800000 0.907179
4.810000 0.902655
4.820000 0.898153
4.830000 0.893673
4.840000 0.889216
4.850000 0.884781
4.860000 0.880368
4.870000 0.875978
4.880000 0.871608
4.890000 0.867261
4.900000 0.862936
4.910000 0.858632
4.920000 0.854349
4.930000 0.850088
4.940000 0.845849
4.950000 0.841630
4.960000 0.837432
4.970000 0.833256
4.980000 0.829100
4.990000 0.824965
5.000000 0.820850
5.010000 0.816756
5.020000 0.812682
5.030000 0.808629
5.040000 0.804596
5.050000 0.800583
5.060000 0.796590
5.070000 0.792617
5.080000 0.788664
5.090000 0.784730
5.100000 0.780817
5.110000 0.776922
5.120000 0.773047
5.130000 0.769192
5.140000 0.765356
5.150000 0.761538
5.160000 0.757740
5.170000 0.753961
5.180000 0.750200
5.190000 0.746459
5.200000 0.742736
5.210000 0.739031
5.220000 0.735346
5.230000 0.731678
5.240000 0.728029
5.250000 0.724398
5.260000 0.720785
5.270000 0.717190
5.280000 0.713613
5.290000 0.710054
5.300000 0.706512
5.310000 0.702988
5.320000 0.699482
5.330000 0.695994
5.340000 0.692522
5.350000 0.689068
5.360000 0.685631
5.370000 0.682212
5.380000 0.678809
5.390000 0.675424
5.400000 0.672055
5.410000 0.668703
5.420000 0.665368
5.430000 0.662050
5.440000 0.658748
5.450000 0.655462
5.460000 0.652193
5.470000 0.648940
5.480000 0.645703
5.490000 0.642483
5.500000 0.639279
5.510000 0.636090
5.520000 0.632918
5.530000 0.629761
5.540000 0.626620
5.550000 0.623495
5.560000 0.620385
5.570000 0.617291
5.580000 0.614212
5.590000 0.611149
5.600000 0.608101
5.610000 0.605068
5.620000 0.602050
5.630000 0.599047
5.640000 0.596059
5.650000 0.593087
5.660000 0.590129
5.670000 0.587185
5.680000 0.584257
5.690000 0.581343
5.700000 0.578443
5.710000 0.575558
5.720000 0.572688
5.730000 0.569831
5.740000 0.566989
5.750000 0.564161
5.760000 0.561348
5.770000 0.558548
5.780000 0.555762
5.790000 0.552990
5.800000 0.550232
5.810000 0.547488
5.820000 0.544757
5.830000 0.542040
5.840000 0.539337
5.850000 0.536647
5.860000 0.533970
5.870000 0.531307
5.880000 0.528657
5.890000 0.526021
5.900000 0.523397
5.910000 0.520787
5.920000 0.518189
5.930000 0.515605
5.940000 0.513033
5.950000 0.510474
5.960000 0.507928
5.970000 0.505395
5.980000 0.502874
5.990000 0.500366
6.000000 0.497871
6.010000 0.495387
6.020000 0.492917
6.030000 0.490458
6.040000 0.488012
6.050000 0.485578
6.060000 0.483156
6.070000 0.480747
6.080000 0.478349
6.090000 0.475963
6.100000 0.473589
6.110000 0.471227
6.120000 0.468877
6.130000 0.466538
6.140000 0.464212
6.150000 0.461896
6.160000 0.459593
6.170000 0.457300
6.180000 0.455020
6.190000 0.452750
6.200000 0.450492
6.210000 0.448245
6.220000 0.446010
6.230000 0.443785
6.240000 0.441572
6.250000 0.439369
6.260000 0.437178
6.270000 0.434998
6.280000 0.432828
6.290000 0.430669
6.300000 0.428521
6.310000 0.426384
6.320000 0.424257
6.330000 0.422141
6.340000 0.420036
6.350000 0.417941
6.360000 0.415857
6.370000 0.413782
6.380000 0.411719
6.390000 0.409665
6.400000 0.407622
6.410000 0.405589
6.420000 0.403566
6.430000 0.401553
6.440000 0.399551
6.450000 0.397558
6.460000 0.395575
6.470000 0.393602
6.480000 0.391639
6.490000 0.389686
6.500000 0.387742
6.510000 0.385808
6.520000 0.383884
6.530000 0.381969
6.540000 0.380064
6.550000 0.378169
6.560000 0.376283
6.570000 0.374406
6.580000 0.372539
6.590000 0.370680
6.600000 0.368832
6.610000 0.366992
6.620000 0.365162
6.630000 0.363340
6.640000 0.361528
6.650000 0.359725
6.660000 0.357931
6.670000 0.356146
6.680000 0.354370
6.690000 0.352602
6.700000 0.350844
6.710000 0.349094
6.720000 0.347353
6.730000 0.345620
6.740000 0.343896
6.750000 0.342181
6.760000 0.340475
6.770000 0.338776
6.780000 0.337087
6.790000 0.335406
6.800000 0.333733
6.810000 0.332068
6.820000 0.330412
6.830000 0.328764
6.840000 0.327124
6.850000 0.325493
6.860000 0.323869
6.870000 0.322254
6.880000 0.320647
6.890000 0.319048
6.900000 0.317456
6.910000 0.315873
6.920000 0.314298
6.930000 0.312730
6.940000 0.311170
6.950000 0.309618
6.960000 0.308074
6.970000 0.306538
6.980000 0.305009
6.990000 0.303488
7.000000 0.301974
7.010000 0.300468
7.020000 0.298969
7.030000 0.297478
7.040000 0.295994
7.050000 0.294518
7.060000 0.293049
7.070000 0.291588
7.080000 0.290133
7.090000 0.288686
7.100000 0.287246
7.110000 0.285814
7.120000 0.284388
7.130000 0.282970
7.140000 0.281559
7.150000 0.280154
7.160000 0.278757
7.170000 0.277367
7.180000 0.275983
7.190000 0.274607
7.200000 0.273237
7.210000 0.271874
7.220000 0.270518
7.230000 0.269169
7.240000 0.267827
7.250000 0.266491
7.260000 0.265162
7.270000 0.263839
7.280000 0.262523
7.290000 0.261214
7.300000 0.259911
7.310000 0.258615
7.320000 0.257325
7.330000 0.256042
7.340000 0.254765
7.350000 0.253494
7.360000 0.252230
7.370000 0.250972
7.380000 0.249720
7.390000 0.248475
7.400000 0.247235
7.410000 0.246002
7.420000 0.244775
7.430000 0.243554
7.440000 0.242340
7.450000 0.241131
7.460000 0.239928
7.470000 0.238732
7.480000 0.237541
7.490000 0.236356
7.500000 0.235177
7.510000 0.234004
7.520000 0.232837
7.530000 0.231676
7.540000 0.230521
7.550000 0.229371
7.560000 0.228227
7.570000 0.227089
7.580000 0.225956
7.590000 0.224829
7.600000 0.223708
7.610000 0.222592
7.620000 0.221482
7.630000 0.220377
7.640000 0.219278
7.650000 0.218184
7.660000 0.217096
7.670000 0.216013
7.680000 0.214936
7.690000 0.213864
7.700000 0.212797
7.710000 0.211736
7.720000 0.210680
7.730000 0.209629
7.740000 0.208584
7.750000 0.207543
7.760000 0.206508
7.770000 0.205478
7.780000 0.204453
7.790000 0.203434
7.800000 0.202419
7.810000 0.201410
7.820000 0.200405
7.830000 0.199405
7.840000 0.198411
7.850000 0.197421
7.860000 0.196437
7.870000 0.195457
7.880000 0.194482
7.890000 0.193512
7.900000 0.192547
7.910000 0.191587
7.920000 0.190631
7.930000 0.189680
7.940000 0.188734
7.950000 0.187793
7.960000 0.186856
7.970000 0.185924
7.980000 0.184997
7.990000 0.184074
8.000000 0.183156
8.010000 0.182243
8.020000 0.181334
8.030000 0.180430
8.040000 0.179530
8.050000 0.178634
8.060000 0.177743
8.070000 0.176857
8.080000 0.175975
8.090000 0.175097
8.100000 0.174224
8.110000 0.173355
8.120000 0.172490
8.130000 0.171630
8.140000 0.170774
8.150000 0.169922
8.160000 0.169075
8.170000 0.168231
8.180000 0.167392
8.190000 0.166557
8.200000 0.165727
8.210000 0.164900
8.220000 0.164078
8.230000 0.163259
8.240000 0.162445
8.250000 0.161635
8.260000 0.160829
8.270000 0.160027
8.280000 0.159229
8.290000 0.158434
8.300000 0.157644
8.310000 0.156858
8.320000 0.156076
8.330000 0.155297
8.340000 0.154523
8.350000 0.153752
8.360000 0.152985
8.370000 0.152222
8.380000 0.151463
8.390000 0.150707
8.400000 0.149956
8.410000 0.149208
8.420000 0.148464
8.430000 0.147723
8.440000 0.146986
8.450000 0.146253
8.460000 0.145524
8.470000 0.144798
8.480000 0.144076
8.490000 0.143357
8.500000 0.142642
8.510000 0.141931
8.520000 0.141223
8.530000 0.140519
8.540000 0.139818
8.550000 0.139120
8.560000 0.138427
8.570000 0.137736
8.580000 0.137049
8.590000 0.136366
8.600000 0.135686
8.610000 0.135009
8.620000 0.134336
8.630000 0.133665
8.640000 0.132999
8.650000 0.132336
8.660000 0.131675
8.670000 0.131019
8.680000 0.130365
8.690000 0.129715
8.700000 0.129068
8.710000 0.128424
8.720000 0.127784
8.730000 0.127147
8.740000 0.126512
8.750000 0.125881
8.760000 0.125254
8.770000 0.124629
8.780000 0.124007
8.790000 0.123389
8.800000 0.122773
8.810000 0.122161
8.820000 0.121552
8.830000 0.120946
8.840000 0.120342
8.850000 0.119742
8.860000 0.119145
8.870000 0.118551
8.880000 0.117959
8.890000 0.117371
8.900000 0.116786
8.910000 0.116203
8.920000 0.115624
8.930000 0.115047
8.940000 0.114473
8.950000 0.113902
8.960000 0.113334
8.970000 0.112769
8.980000 0.112206
8.990000 0.111647
9.000000 0.111090
9.010000 0.110536
9.020000 0.109985
9.030000 0.109436
9.040000 0.108890
9.050000 0.108347
9.060000 0.107807
9.070000 0.107269
9.080000 0.106734
9.090000 0.106202
9.100000 0.105672
9.110000 0.105145
9.120000 0.104621
9.130000 0.104099
9.140000 0.103580
9.150000 0.103063
9.160000 0.102549
9.170000 0.102037
9.180000 0.101529
9.190000 0.101022
9.200000 0.100518
9.210000 0.100017
9.220000 0.099518
9.230000 0.099022
9.240000 0.098528
9.250000 0.098037
9.260000 0.097548
9.270000 0.097061
9.280000 0.096577
9.290000 0.096095
9.300000 0.095616
9.310000 0.095139
9.320000 0.094665
9.330000 0.094192
9.340000 0.093723
9.350000 0.093255
9.360000 0.092790
9.370000 0.092327
9.380000 0.091867
9.390000 0.091409
9.400000 0.090953
9.410000 0.090499
9.420000 0.090048
9.430000 0.089599
9.440000 0.089152
9.450000 0.088707
9.460000 0.088265
9.470000 0.087824
9.480000 0.087386
9.490000 0.086951
9.500000 0.086517
9.510000 0.086085
9.520000 0.085656
9.530000 0.085229
9.540000 0.084804
9.550000 0.084381
9.560000 0.083960
9.570000 0.083541
9.580000 0.083125
9.590000 0.082710
9.600000 0.082297
9.610000 0.081887
9.620000 0.081479
9.630000 0.081072
9.640000 0.080668
9.650000 0.080266
9.660000 0.079865
9.670000 0.079467
9.680000 0.079071
9.690000 0.078676
9.700000 0.078284
9.710000 0.077893
9.720000 0.077505
9.730000 0.077118
9.740000 0.076734
9.750000 0.076351
9.760000 0.075970
9.770000 0.075591
9.780000 0.075214
9.790000 0.074839
9.800000 0.074466
9.810000 0.074094
9.820000 0.073725
9.830000 0.073357
9.840000 0.072991
9.850000 0.072627
9.860000 0.072265
9.870000 0.071905
9.880000 0.071546
9.890000 0.071189
9.900000 0.070834
9.910000 0.070481
9.920000 0.070129
9.930000 0.069779
9.940000 0.069431
9.950000 0.069085
9.960000 0.068741
9.970000 0.068398
9.980000 0.068057
9.990000 0.067717
